38
BachInven1_Bach 0.00000 0.85497 0.88321 0.85099 0.85576 0.85388 0.85230 0.85256 0.88181 0.89622 0.86329 0.86418 0.89294 0.87366 0.86965 0.86117 0.85877 0.86948 0.89067 0.90839 0.89923 0.91474 0.90502 0.91539 0.89895 0.92492 0.93662 0.90757 0.93453 0.92541 0.92926 0.93313 0.93470 0.94002 0.91790 0.90245 0.90632 0.92456
BachInven2_Bach 0.85497 0.00000 0.87083 0.85716 0.85632 0.85824 0.85624 0.85668 0.87284 0.87172 0.85007 0.85352 0.86680 0.84448 0.85991 0.85186 0.84585 0.84738 0.86045 0.89570 0.89845 0.90352 0.89439 0.90403 0.88878 0.91337 0.92520 0.89666 0.92348 0.91409 0.91759 0.92998 0.93814 0.93562 0.91934 0.90600 0.91223 0.93886
BachInven3_Bach 0.88321 0.87083 0.00000 0.85055 0.85569 0.85189 0.85206 0.85228 0.88971 0.89986 0.87307 0.87346 0.89789 0.89034 0.90195 0.87093 0.87046 0.88069 0.90657 0.90245 0.91001 0.91441 0.90530 0.91472 0.89830 0.92466 0.93644 0.90710 0.93437 0.92581 0.92838 0.92356 0.93285 0.92464 0.92147 0.90574 0.91608 0.92102
BachInven4_Bach 0.85099 0.85716 0.85055 0.00000 0.90742 0.91461 0.91364 0.91188 0.86612 0.85061 0.85522 0.85476 0.85712 0.85710 0.85780 0.85230 0.85328 0.85783 0.87305 0.88512 0.88460 0.94677 0.93696 0.93814 0.92986 0.95099 0.95416 0.93877 0.95226 0.95084 0.95214 0.87573 0.87108 0.87571 0.86394 0.85808 0.86247 0.87283
BachInven5_Bach 0.85576 0.85632 0.85569 0.90742 0.00000 0.90831 0.90424 0.89978 0.86096 0.85329 0.85440 0.85591 0.85695 0.85635 0.85715 0.85204 0.85375 0.85648 0.86590 0.87321 0.87271 0.92508 0.92080 0.92116 0.91068 0.93238 0.94518 0.93044 0.94269 0.93670 0.93288 0.88591 0.88011 0.88524 0.87298 0.86536 0.86949 0.88264
BachInven6_Bach 0.85388 0.85824 0.85189 0.91461 0.90831 0.00000 0.91067 0.90474 0.86604 0.85307 0.85671 0.85603 0.85758 0.85674 0.85710 0.85384 0.85511 0.85880 0.87135 0.88118 0.88182 0.93649 0.93251 0.93838 0.92718 0.94232 0.94933 0.93499 0.95090 0.94652 0.94483 0.87876 0.87353 0.87838 0.86658 0.86022 0.86418 0.87567
BachInven7_Bach 0.85230 0.85624 0.85206 0.91364 0.90424 0.91067 0.00000 0.91217 0.86399 0.85171 0.85529 0.85411 0.85502 0.85615 0.85636 0.85278 0.85369 0.85685 0.87065 0.87834 0.87804 0.93173 0.92979 0.92568 0.92457 0.93931 0.94880 0.92886 0.94757 0.94242 0.93802 0.87871 0.87308 0.87803 0.86659 0.86019 0.86346 0.87553
BachInven8_Bach 0.85256 0.85668 0.85228 0.91188 0.89978 0.90474 0.91217 0.00000 0.86434 0.85170 0.85522 0.85452 0.85597 0.85662 0.85688 0.85238 0.85366 0.85724 0.87083 0.87764 0.87778 0.93716 0.93453 0.92802 0.92218 0.94369 0.94778 0.93464 0.94844 0.94507 0.94399 0.87962 0.87423 0.87915 0.86735 0.86085 0.86467 0.87649
BachWTK2F1_Bach 0.88181 0.87284 0.88971 0.86612 0.86096 0.86604 0.86399 0.86434 0.00000 0.86596 0.87309 0.85620 0.85730 0.88217 0.85161 0.86111 0.84933 0.86166 0.85405 0.89615 0.89074 0.89186 0.88397 0.89295 0.88061 0.90126 0.91311 0.88650 0.91166 0.90247 0.90448 0.94156 0.94203 0.96083 0.93325 0.93089 0.93041 0.94059
BachWTK2F2_Bach 0.89622 0.87172 0.89986 0.85061 0.85329 0.85307 0.85171 0.85170 0.86596 0.00000 0.86679 0.85239 0.87511 0.87441 0.85792 0.86831 0.86646 0.86689 0.86238 0.89912 0.91223 0.90463 0.89514 0.90448 0.89036 0.91538 0.92823 0.89811 0.92639 0.91689 0.91946 0.93134 0.92621 0.93476 0.91777 0.89888 0.91730 0.91602
BachWTK2P1_Bach 0.86329 0.85007 0.87307 0.85522 0.85440 0.85671 0.85529 0.85522 0.87309 0.86679 0.00000 0.83425 0.86576 0.87166 0.85296 0.84987 0.84886 0.87211 0.85373 0.88561 0.89457 0.89451 0.88572 0.89592 0.88240 0.90524 0.91854 0.88890 0.91696 0.90734 0.90954 0.93297 0.93941 0.93772 0.92402 0.90880 0.91379 0.92696
BachWTK2P2_Bach 0.86418 0.85352 0.87346 0.85476 0.85591 0.85603 0.85411 0.85452 0.85620 0.85239 0.83425 0.00000 0.86212 0.86979 0.83132 0.84814 0.85193 0.87049 0.85156 0.88585 0.89259 0.90262 0.89394 0.90310 0.88729 0.91263 0.92466 0.89550 0.92350 0.91461 0.91661 0.92666 0.93472 0.93164 0.92037 0.89986 0.91079 0.92154
BachWTK1P2_Bach 0.89294 0.86680 0.89789 0.85712 0.85695 0.85758 0.85502 0.85597 0.85730 0.87511 0.86576 0.86212 0.00000 0.87708 0.85271 0.85186 0.87694 0.86041 0.87129 0.89342 0.89336 0.90756 0.89873 0.90749 0.89012 0.91663 0.92732 0.89939 0.92611 0.91735 0.92050 0.92169 0.92263 0.93322 0.91633 0.90722 0.90671 0.94329
BachWTK1P3_Bach 0.87366 0.84448 0.89034 0.85710 0.85635 0.85674 0.85615 0.85662 0.88217 0.87441 0.87166 0.86979 0.87708 0.00000 0.86547 0.87201 0.86054 0.87158 0.86164 0.90182 0.89248 0.90365 0.89506 0.90409 0.88839 0.91346 0.92523 0.89655 0.92353 0.91467 0.91799 0.94179 0.92493 0.92749 0.92323 0.90328 0.90692 0.93454
BachWTK2P3_Bach 0.86965 0.85991 0.90195 0.85780 0.85715 0.85710 0.85636 0.85688 0.85161 0.85792 0.85296 0.83132 0.85271 0.86547 0.00000 0.83917 0.84201 0.86567 0.86360 0.88444 0.88317 0.89985 0.89196 0.90080 0.88452 0.90954 0.92133 0.89266 0.92076 0.91190 0.91347 0.92670 0.92965 0.93634 0.91681 0.91220 0.91593 0.93100
BachWTK2F3_Bach 0.86117 0.85186 0.87093 0.85230 0.85204 0.85384 0.85278 0.85238 0.86111 0.86831 0.84987 0.84814 0.85186 0.87201 0.83917 0.00000 0.84023 0.85064 0.84973 0.89480 0.88670 0.89550 0.88645 0.89639 0.88230 0.90618 0.91937 0.88938 0.91780 0.90808 0.91079 0.93685 0.94120 0.94554 0.92107 0.91251 0.91351 0.92878
BachWTK1F1_Bach 0.85877 0.84585 0.87046 0.85328 0.85375 0.85511 0.85369 0.85366 0.84933 0.86646 0.84886 0.85193 0.87694 0.86054 0.84201 0.84023 0.00000 0.84703 0.86204 0.89332 0.88927 0.89858 0.88947 0.89953 0.88545 0.90932 0.92245 0.89253 0.92077 0.91117 0.91366 0.93271 0.92247 0.93130 0.92046 0.90441 0.90581 0.92596
BachWTK1F2_Bach 0.86948 0.84738 0.88069 0.85783 0.85648 0.85880 0.85685 0.85724 0.86166 0.86689 0.87211 0.87049 0.86041 0.87158 0.86567 0.85064 0.84703 0.00000 0.86621 0.88791 0.88100 0.90136 0.89236 0.90194 0.88717 0.91127 0.92328 0.89475 0.92161 0.91219 0.91548 0.93457 0.93995 0.95147 0.92202 0.91845 0.92150 0.93154
BachWTK1F3_Bach 0.89067 0.86045 0.90657 0.87305 0.86590 0.87135 0.87065 0.87083 0.85405 0.86238 0.85373 0.85156 0.87129 0.86164 0.86360 0.84973 0.86204 0.86621 0.00000 0.88400 0.88108 0.88362 0.87746 0.88474 0.87614 0.89262 0.90435 0.87983 0.90303 0.89477 0.89610 0.94039 0.94832 0.94819 0.94069 0.93030 0.93133 0.94627
ChopEtu1_Chopin 0.90839 0.89570 0.90245 0.88512 0.87321 0.88118 0.87834 0.87764 0.89615 0.89912 0.88561 0.88585 0.89342 0.90182 0.88444 0.89480 0.89332 0.88791 0.88400 0.00000 0.88824 0.89814 0.89077 0.89848 0.88815 0.90532 0.91466 0.89213 0.91183 0.90344 0.90851 0.95219 0.95041 0.95455 0.93988 0.91671 0.93407 0.94983
ChopEtu2_Chopin 0.89923 0.89845 0.91001 0.88460 0.87271 0.88182 0.87804 0.87778 0.89074 0.91223 0.89457 0.89259 0.89336 0.89248 0.88317 0.88670 0.88927 0.88100 0.88108 0.88824 0.00000 0.89363 0.88825 0.89421 0.88568 0.90128 0.90922 0.88949 0.90793 0.90037 0.90332 0.95175 0.95015 0.95662 0.94751 0.93477 0.93843 0.94895
ChopEtu3_Chopin 0.91474 0.90352 0.91441 0.94677 0.92508 0.93649 0.93173 0.93716 0.89186 0.90463 0.89451 0.90262 0.90756 0.90365 0.89985 0.89550 0.89858 0.90136 0.88362 0.89814 0.89363 0.00000 0.90568 0.90735 0.90783 0.89792 0.91130 0.91274 0.91390 0.90739 0.90538 0.95537 0.95162 0.95551 0.94398 0.93493 0.94192 0.95301
ChopEtu4_Chopin 0.90502 0.89439 0.90530 0.93696 0.92080 0.93251 0.92979 0.93453 0.88397 0.89514 0.88572 0.89394 0.89873 0.89506 0.89196 0.88645 0.88947 0.89236 0.87746 0.89077 0.88825 0.90568 0.00000 0.89640 0.90014 0.90404 0.89824 0.89353 0.90501 0.90343 0.90494 0.94701 0.94292 0.94710 0.93489 0.92546 0.93263 0.94446
ChopEtu5_Chopin 0.91539 0.90403 0.91472 0.93814 0.92116 0.93838 0.92568 0.92802 0.89295 0.90448 0.89592 0.90310 0.90749 0.90409 0.90080 0.89639 0.89953 0.90194 0.88474 0.89848 0.89421 0.90735 0.89640 0.00000 0.89595 0.90458 0.91051 0.89901 0.90168 0.89727 0.90426 0.95619 0.95215 0.95461 0.94460 0.93545 0.94214 0.95373
ChopEtu6_Chopin 0.89895 0.88878 0.89830 0.92986 0.91068 0.92718 0.92457 0.92218 0.88061 0.89036 0.88240 0.88729 0.89012 0.88839 0.88452 0.88230 0.88545 0.88717 0.87614 0.88815 0.88568 0.90783 0.90014 0.89595 0.00000 0.90330 0.91255 0.90017 0.90496 0.90655 0.90505 0.94198 0.93658 0.94029 0.92867 0.91875 0.92483 0.93891
ChopEtu7_Chopin 0.92492 0.91337 0.92466 0.95099 0.93238 0.94232 0.93931 0.94369 0.90126 0.91538 0.90524 0.91263 0.91663 0.91346 0.90954 0.90618 0.90932 0.91127 0.89262 0.90532 0.90128 0.89792 0.90404 0.90458 0.90330 0.00000 0.90397 0.91496 0.90281 0.89982 0.91378 0.96267 0.95896 0.96191 0.95220 0.94379 0.94979 0.96044
ChopEtu8_Chopin 0.93662 0.92520 0.93644 0.95416 0.94518 0.94933 0.94880 0.94778 0.91311 0.92823 0.91854 0.92466 0.92732 0.92523 0.92133 0.91937 0.92245 0.92328 0.90435 0.91466 0.90922 0.91130 0.89824 0.91051 0.91255 0.90397 0.00000 0.90198 0.90749 0.90420 0.89970 0.96933 0.96547 0.96773 0.96037 0.95306 0.95764 0.96734
ChopEtu9_Chopin 0.90757 0.89666 0.90710 0.93877 0.93044 0.93499 0.92886 0.93464 0.88650 0.89811 0.88890 0.89550 0.89939 0.89655 0.89266 0.88938 0.89253 0.89475 0.87983 0.89213 0.88949 0.91274 0.89353 0.89901 0.90017 0.91496 0.90198 0.00000 0.91738 0.90719 0.90150 0.94862 0.94411 0.94847 0.93633 0.92685 0.93344 0.94594
ChopEtu10_Chopin 0.93453 0.92348 0.93437 0.95226 0.94269 0.95090 0.94757 0.94844 0.91166 0.92639 0.91696 0.92350 0.92611 0.92353 0.92076 0.91780 0.92077 0.92161 0.90303 0.91183 0.90793 0.91390 0.90501 0.90168 0.90496 0.90281 0.90749 0.91738 0.00000 0.89283 0.91257 0.96530 0.96199 0.96504 0.95677 0.94979 0.95422 0.96342
ChopEtu11_Chopin 0.92541 0.91409 0.92581 0.95084 0.93670 0.94652 0.94242 0.94507 0.90247 0.91689 0.90734 0.91461 0.91735 0.91467 0.91190 0.90808 0.91117 0.91219 0.89477 0.90344 0.90037 0.90739 0.90343 0.89727 0.90655 0.89982 0.90420 0.90719 0.89283 0.00000 0.89507 0.95895 0.95524 0.95866 0.94944 0.94178 0.94663 0.95684
ChopEtu12_Chopin 0.92926 0.91759 0.92838 0.95214 0.93288 0.94483 0.93802 0.94399 0.90448 0.91946 0.90954 0.91661 0.92050 0.91799 0.91347 0.91079 0.91366 0.91548 0.89610 0.90851 0.90332 0.90538 0.90494 0.90426 0.90505 0.91378 0.89970 0.90150 0.91257 0.89507 0.00000 0.96577 0.96228 0.96502 0.95597 0.94753 0.95268 0.96360
HaydnPSHoboken8m2_Haydn 0.93313 0.92998 0.92356 0.87573 0.88591 0.87876 0.87871 0.87962 0.94156 0.93134 0.93297 0.92666 0.92169 0.94179 0.92670 0.93685 0.93271 0.93457 0.94039 0.95219 0.95175 0.95537 0.94701 0.95619 0.94198 0.96267 0.96933 0.94862 0.96530 0.95895 0.96577 0.00000 0.93879 0.91418 0.94266 0.92958 0.92743 0.92374
HaydnPSHoboken8m3_Haydn 0.93470 0.93814 0.93285 0.87108 0.88011 0.87353 0.87308 0.87423 0.94203 0.92621 0.93941 0.93472 0.92263 0.92493 0.92965 0.94120 0.92247 0.93995 0.94832 0.95041 0.95015 0.95162 0.94292 0.95215 0.93658 0.95896 0.96547 0.94411 0.96199 0.95524 0.96228 0.93879 0.00000 0.92556 0.91979 0.91404 0.93137 0.92116
HaydnPSHoboken8m4_Haydn 0.94002 0.93562 0.92464 0.87571 0.88524 0.87838 0.87803 0.87915 0.96083 0.93476 0.93772 0.93164 0.93322 0.92749 0.93634 0.94554 0.93130 0.95147 0.94819 0.95455 0.95662 0.95551 0.94710 0.95461 0.94029 0.96191 0.96773 0.94847 0.96504 0.95866 0.96502 0.91418 0.92556 0.00000 0.91314 0.91737 0.92200 0.90661
HaydnPSHoboken7m1_Haydn 0.91790 0.91934 0.92147 0.86394 0.87298 0.86658 0.86659 0.86735 0.93325 0.91777 0.92402 0.92037 0.91633 0.92323 0.91681 0.92107 0.92046 0.92202 0.94069 0.93988 0.94751 0.94398 0.93489 0.94460 0.92867 0.95220 0.96037 0.93633 0.95677 0.94944 0.95597 0.94266 0.91979 0.91314 0.00000 0.90846 0.92850 0.92060
HaydnPSHoboken7m2_Haydn 0.90245 0.90600 0.90574 0.85808 0.86536 0.86022 0.86019 0.86085 0.93089 0.89888 0.90880 0.89986 0.90722 0.90328 0.91220 0.91251 0.90441 0.91845 0.93030 0.91671 0.93477 0.93493 0.92546 0.93545 0.91875 0.94379 0.95306 0.92685 0.94979 0.94178 0.94753 0.92958 0.91404 0.91737 0.90846 0.00000 0.90607 0.90963
HaydnPSHoboken7m3_Haydn 0.90632 0.91223 0.91608 0.86247 0.86949 0.86418 0.86346 0.86467 0.93041 0.91730 0.91379 0.91079 0.90671 0.90692 0.91593 0.91351 0.90581 0.92150 0.93133 0.93407 0.93843 0.94192 0.93263 0.94214 0.92483 0.94979 0.95764 0.93344 0.95422 0.94663 0.95268 0.92743 0.93137 0.92200 0.92850 0.90607 0.00000 0.91669
HaydnPSHoboken9m3_Haydn 0.92456 0.93886 0.92102 0.87283 0.88264 0.87567 0.87553 0.87649 0.94059 0.91602 0.92696 0.92154 0.94329 0.93454 0.93100 0.92878 0.92596 0.93154 0.94627 0.94983 0.94895 0.95301 0.94446 0.95373 0.93891 0.96044 0.96734 0.94594 0.96342 0.95684 0.96360 0.92374 0.92116 0.90661 0.92060 0.90963 0.91669 0.00000
