[-0.2360129634117338,0.14925187721369845],[-0.2793434884635495,-0.036184518847453745],[-0.22750298733784477,0.12407524187166358],[-0.21252117143668883,0.1839489479928051],[-0.2616782569004808,0.08454739683354648],[-0.2864535953179513,-0.026200121355107023],[-0.29388442082114524,0.015950080238816257],[-0.2235080636006287,0.15373991910649734],[-0.23613474596658085,0.13951717055867968],[-0.2852613112150857,0.03886297772044728],[-0.2902577320763721,-0.021415976000008347],[-0.28532241824152266,-0.011593609469662904],
[-0.3245678097893744,-0.02004944739629778],[-0.2792897255416366,0.009352105512701023],[-0.3048667243810133,0.014634329045983255],[-0.2998029244454447,5.326103694088761E-4],
[0.1928515835500968,-0.02687259631656613],[0.16718487604738622,0.04224233480411926],[0.18590979826349516,-0.026206138383918515],[0.17885503487532492,0.018009025026069148],[0.16859633826761233,0.04193550792500216],[0.18100108610501642,-0.0038153712454918926],[0.1800284223048568,-0.022596593233439283],[0.1595258210712274,0.06278551754195552],[0.16782386653098483,0.02620728150894072],[0.20799332138443216,-0.11643060865858329],
[0.1591230553070466,0.08032113327756318],[0.16632103503819395,-0.011042519423655467],[0.16903508381153687,-0.2102757746472478],[0.17304100845397025,0.03428444505395139],[0.15163882257623304,0.073991618771618],[-0.08934643168254665,0.26961413880680424],[0.11454774937433942,0.14694479046071368],[0.16787782784807273,0.004895887120891519],[0.13408209301199742,0.1213829038505164],[0.17923837647330104,-0.09666921006808277],[-0.03171310786566463,0.28555467584491917],[0.08922266606296635,0.17954572646072212],[0.11611971270439425,0.14180728770081016],[0.1435585549579558,0.09460846864736233],[0.1477039453399278,0.09525746832550752],[-0.09466590479465903,0.12591829908014884],[-0.09640640350609231,0.1384923756060142],[-0.07993139945800086,0.14310873430523646],[-0.04992534345690222,0.16366496240240183],[-0.024574030612841996,0.17632060486257742],[-0.0864156663404936,0.1444037509019767],[-0.051121638669863766,0.18393082132066285],[-0.02738239328212745,0.27533997172856123],[0.04967007936193204,0.2336094022869259],[0.11447360000613818,0.12429918495049071],[0.024003271722344885,0.23922774120198334],[0.1179208440707536,0.12105582037883958],[0.10139538698269739,0.18858670063056437],






[0,0,0,0,0,0,0,0,0,0,0,0,1,1,1,1,2,2,2,2,2,2,2,2,2,2,3,3,3,3,3,3,3,3,3,3,3,3,3,3,3,3,3,3,3,3,3,3,3,3,3,3,3,3]