[-0.36920222616053344,-0.0024860849860518786],[-0.4459994927834925,0.06554235868073516],[-0.376740102178082,-0.04647127776914661],[-0.3093142364661716,-0.0034254568801800125],[-0.4181944360925837,0.03160472604076208],[-0.40142088537112586,0.06606484191862877],[-0.4278022713784364,0.027812238987931552],[-0.3498944464644176,-0.06214424761200248],[-0.39980336562713936,0.012914840350203655],[-0.3937908527807895,0.03731258933785082],[-0.4353254502162195,0.08033981635353493],[-0.43506124544251173,0.07060090336518113],
[-0.28419069725030244,-0.12661087464846565],[-0.3973424204178819,0.0198703281886428],[-0.377431026765317,0.019702097993128935],[-0.419052200860694,0.013095249628469162],[-0.29147955473184267,-0.1405171396522466],[-0.04496984834839036,-0.3426774086820564],[-0.10522852250613789,-0.2875272380505527],
[0.1585064960471847,0.18302590019382617],[0.03812725123324809,-0.2607608989833217],[0.1556798909085234,0.13588303602589574],[0.1850663487808422,0.18450684300776796],[0.1454173931841654,-0.00598008400329378],
[0.14124030001660287,-0.10617207377497312],[0.16905079850988067,0.10115164130238047],[0.15574409152315008,0.1267299588639741],[0.1375079416779617,0.0695339728297367],[0.09780424082920992,-0.19434078860769982],[0.14100561660646801,0.14297148976677193],[0.07446144454904527,-0.2337688720418235],






[0,0,0,0,0,0,0,0,0,0,0,0,1,1,1,1,1,1,1,2,2,2,2,2,3,3,3,3,3,3,3,]