[0.223661215083008,0.009637713969962533],[0.2640368283605474,-0.037357948827606485],[0.21407838036483082,0.03430629228322108],[0.19793608196030288,0.0375057225042464],[0.2544153319757078,-0.04745428490449692],[0.27166243335197865,-0.015945422667074046],[0.2848015555324329,-0.020731845202113262],[0.2055441673013017,0.05565306518338728],[0.22112311022623857,0.03852308445134793],[0.2654987154176873,0.004440428973084321],[0.27667026941294676,-0.030726092495556696],[0.26548272975081927,-0.012266626613715692],
[0.3127285181662504,-0.02999661631831878],[0.25765999880473406,0.007304610455675798],[0.28951759080182315,0.018113440049027586],[0.2872487347090883,-0.0410294858598246],
[-0.2320861771697784,-0.1054441832336704],[-0.20725415351257,-0.07457648282224101],[-0.23340150059173137,-0.020143564571167213],[-0.2130947135650867,-0.06740341951182047],[-0.18112386628083818,-0.06701836998460223],[-0.19895656439828233,-0.03472343736590294],[-0.19245314258162555,-0.14233033748004256],[-0.19827990252343314,-0.0825493925276064],[-0.20242696769408033,-0.10899660123854092],[-0.21733153861557644,-0.18225548821637888],
[-0.17787631914940766,-0.03613037808190949],[-0.2325638081746319,-0.1132510985004724],[-0.21706159429882083,-0.03612670978692228],
[-0.07161072725802867,0.2405841143031447],[0.03251756030722937,0.24480878473669715],[-0.028872586006981157,0.22031629177194711],[-0.13767414662048497,0.2579291313480156],[-0.08310495603971424,0.20745249089897524],
[-0.044439021056852324,0.2556803486069216],[-0.0858419221792951,0.15299606404014449],[-0.13147377651692474,0.2719400970358581],[-0.10020932142583151,0.27686966951241193],[0.03556501885713387,0.23752394899897208],[-0.13899099330459833,0.25015558234373314],[0.009278936861469501,0.2018640094938443],






[0,0,0,0,0,0,0,0,0,0,0,0,1,1,1,1,2,2,2,2,2,2,2,2,2,2,3,3,3,4,4,4,4,4,5,5,5,5,5,5,5,]