25
giant_steps_John_Coltrane 0.00000 0.91495 0.93935 0.88316 0.90537 0.91248 0.92699 0.89972 0.90793 0.91876 0.93602 0.94387 0.93066 0.89592 0.94156 0.93766 0.94930 0.93166 0.91650 0.90990 0.89660 0.91467 0.92748 0.91707 0.92459
blue_train_John_Coltrane 0.91495 0.00000 0.94793 0.90709 0.92293 0.91930 0.91721 0.90502 0.91399 0.90763 0.93352 0.94720 0.91907 0.90202 0.93752 0.94017 0.92859 0.94372 0.93061 0.91657 0.90309 0.91743 0.93367 0.90663 0.93061
impressions_John_Coltrane 0.93935 0.94793 0.00000 0.93972 0.98103 0.96260 0.97987 0.96999 0.96487 0.97285 0.98574 0.98278 0.97900 0.95990 0.98529 0.98984 0.99328 0.98504 0.98091 0.97366 0.96235 0.96935 0.98366 0.96665 0.99443
nature_boy_John_Coltrane 0.88316 0.90709 0.93972 0.00000 0.91564 0.92240 0.94186 0.91912 0.91933 0.91425 0.96353 0.95036 0.95212 0.91829 0.95801 0.96822 0.94984 0.93880 0.93369 0.92686 0.92949 0.91344 0.93898 0.91684 0.94312
soultrane_John_Coltrane 0.90537 0.92293 0.98103 0.91564 0.00000 0.91325 0.90448 0.90405 0.89069 0.91310 0.89116 0.91031 0.89671 0.89445 0.91348 0.91530 0.92478 0.92115 0.89348 0.91074 0.89416 0.91036 0.88925 0.90128 0.93746
agitation_Miles_Davis 0.91248 0.91930 0.96260 0.92240 0.91325 0.00000 0.90054 0.90873 0.88283 0.91087 0.91537 0.93734 0.89971 0.89497 0.91919 0.94029 0.94156 0.90478 0.89760 0.89708 0.88999 0.90401 0.90619 0.89729 0.90526
so_what_Miles_Davis 0.92699 0.91721 0.97987 0.94186 0.90448 0.90054 0.00000 0.88668 0.89260 0.89829 0.89454 0.91322 0.88038 0.90553 0.87228 0.91312 0.91172 0.89475 0.88288 0.90980 0.90978 0.88465 0.87902 0.89116 0.88136
blues_by_five_Miles_Davis 0.89972 0.90502 0.96999 0.91912 0.90405 0.90873 0.88668 0.00000 0.89606 0.89336 0.92802 0.93263 0.91885 0.90472 0.88821 0.91364 0.92520 0.90179 0.90534 0.90696 0.88513 0.87558 0.90351 0.89917 0.89929
dolores_Miles_Davis 0.90793 0.91399 0.96487 0.91933 0.89069 0.88283 0.89260 0.89606 0.00000 0.87591 0.92770 0.91356 0.90074 0.89700 0.90854 0.92307 0.90556 0.89234 0.90695 0.90538 0.89744 0.89092 0.88881 0.90043 0.88132
tune_up_Miles_Davis 0.91876 0.90763 0.97285 0.91425 0.91310 0.91087 0.89829 0.89336 0.87591 0.00000 0.91829 0.90897 0.92624 0.90432 0.90331 0.92230 0.89959 0.89636 0.89659 0.89175 0.89523 0.88936 0.89439 0.87032 0.87287
anthropology_Dizzy_Gillespie 0.93602 0.93352 0.98574 0.96353 0.89116 0.91537 0.89454 0.92802 0.92770 0.91829 0.00000 0.91613 0.92714 0.93510 0.88815 0.89265 0.92089 0.89266 0.89424 0.90777 0.92636 0.91304 0.89906 0.91125 0.89754
cognac_blues_Dizzy_Gillespie 0.94387 0.94720 0.98278 0.95036 0.91031 0.93734 0.91322 0.93263 0.91356 0.90897 0.91613 0.00000 0.94367 0.92759 0.87683 0.90946 0.91342 0.91374 0.92470 0.90784 0.90355 0.90259 0.89160 0.92557 0.87971
hot_house_Dizzy_Gillespie 0.93066 0.91907 0.97900 0.95212 0.89671 0.89971 0.88038 0.91885 0.90074 0.92624 0.92714 0.94367 0.00000 0.92245 0.88057 0.88760 0.91154 0.88728 0.87576 0.88222 0.88683 0.88921 0.88754 0.89283 0.90587
groovin_high_Dizzy_Gillespie 0.89592 0.90202 0.95990 0.91829 0.89445 0.89497 0.90553 0.90472 0.89700 0.90432 0.93510 0.92759 0.92245 0.00000 0.92223 0.91361 0.92428 0.92554 0.92026 0.89797 0.89357 0.87903 0.91444 0.88987 0.91090
i_fall_in_love_too_easily_Chet_Baker 0.94156 0.93752 0.98529 0.95801 0.91348 0.91919 0.87228 0.88821 0.90854 0.90331 0.88815 0.87683 0.88057 0.92223 0.00000 0.91429 0.90643 0.88149 0.91255 0.89381 0.91556 0.90771 0.88047 0.94492 0.89793
just_friends_Chet_Baker 0.93766 0.94017 0.98984 0.96822 0.91530 0.94029 0.91312 0.91364 0.92307 0.92230 0.89265 0.90946 0.88760 0.91361 0.91429 0.00000 0.89198 0.90258 0.91171 0.93419 0.91515 0.92310 0.90028 0.90687 0.87822
long_ago_and_far_away_Chet_Baker 0.94930 0.92859 0.99328 0.94984 0.92478 0.94156 0.91172 0.92520 0.90556 0.89959 0.92089 0.91342 0.91154 0.92428 0.90643 0.89198 0.00000 0.92910 0.90957 0.92266 0.91399 0.90186 0.90272 0.93340 0.91831
there_will_never_be_another_you_Chet_Baker 0.93166 0.94372 0.98504 0.93880 0.92115 0.90478 0.89475 0.90179 0.89234 0.89636 0.89266 0.91374 0.88728 0.92554 0.88149 0.90258 0.92910 0.00000 0.91216 0.89604 0.91823 0.91083 0.89951 0.90497 0.85500
blues_for_alice_Charlie_Parker 0.91650 0.93061 0.98091 0.93369 0.89348 0.89760 0.88288 0.90534 0.90695 0.89659 0.89424 0.92470 0.87576 0.92026 0.91255 0.91171 0.90957 0.91216 0.00000 0.91212 0.89537 0.91741 0.89754 0.89971 0.93020
donna_lee_Charlie_Parker 0.90990 0.91657 0.97366 0.92686 0.91074 0.89708 0.90980 0.90696 0.90538 0.89175 0.90777 0.90784 0.88222 0.89797 0.89381 0.93419 0.92266 0.89604 0.91212 0.00000 0.91396 0.92129 0.89861 0.89014 0.91964
embraceable_you_Charlie_Parker 0.89660 0.90309 0.96235 0.92949 0.89416 0.88999 0.90978 0.88513 0.89744 0.89523 0.92636 0.90355 0.88683 0.89357 0.91556 0.91515 0.91399 0.91823 0.89537 0.91396 0.00000 0.90045 0.89826 0.88073 0.90880
how_deep_is_the_ocean_Charlie_Parker 0.91467 0.91743 0.96935 0.91344 0.91036 0.90401 0.88465 0.87558 0.89092 0.88936 0.91304 0.90259 0.88921 0.87903 0.90771 0.92310 0.90186 0.91083 0.91741 0.92129 0.90045 0.00000 0.89280 0.90390 0.89583
ornithology_Charlie_Parker 0.92748 0.93367 0.98366 0.93898 0.88925 0.90619 0.87902 0.90351 0.88881 0.89439 0.89906 0.89160 0.88754 0.91444 0.88047 0.90028 0.90272 0.89951 0.89754 0.89861 0.89826 0.89280 0.00000 0.90022 0.88169
out_of_nowhere_Charlie_Parker 0.91707 0.90663 0.96665 0.91684 0.90128 0.89729 0.89116 0.89917 0.90043 0.87032 0.91125 0.92557 0.89283 0.88987 0.94492 0.90687 0.93340 0.90497 0.89971 0.89014 0.88073 0.90390 0.90022 0.00000 0.90434
yardbird_suite_Charlie_Parker 0.92459 0.93061 0.99443 0.94312 0.93746 0.90526 0.88136 0.89929 0.88132 0.87287 0.89754 0.87971 0.90587 0.91090 0.89793 0.87822 0.91831 0.85500 0.93020 0.91964 0.90880 0.89583 0.88169 0.90434 0.00000
